$OPAL VECTORS
$PIN 7 compare a2 a1 a0 b2 b1 b0 
$BUS seta 3 a2 a1 a0
$BUS setb 3 b2 b1 b0
$PROBE 10 compare a2 a1 a0 b2 b1 b0 lt eq gt 
1000000
0000000
1111110
0111110
1011100
0011100
1000000
1000001
1000010
1000011
1000100
1000101
1000110
1000111
1001000
1001001
1001010
1001011
1001100
1001101
1001110
1001111
1010000
1010001
1010010
1010011
1010100
1010101
1010110
1010111
1011000
1011001
1011010
1011011
1011100
1011101
1011110
1011111
1100000
1100001
1100010
1100011
1100100
1100101
1100110
1100111
1101000
1101001
1101010
1101011
1101100
1101101
1101110
1101111
1110000
1110001
1110010
1110011
1110100
1110101
1110110
1110111
1111000
1111001
1111010
1111011
1111100
1111101
1111110
1111111
